date,time,actor,action,repo,user,data.team,data.new_repo_permission,data.old_repo_permission
6/9/22,19:27:12,shemnon,pull_request.create,hyperledger/besu,shemnon,,,
6/9/22,17:18:57,shemnon,pull_request_review.submit,hyperledger/besu,,,,
6/9/22,16:21:59,shemnon,pull_request_review.submit,hyperledger/besu,,,,
6/29/22,15:20:14,shemnon,pull_request_review.submit,hyperledger/besu,,,,
6/28/22,15:46:36,shemnon,pull_request_review.submit,hyperledger/besu,,,,
6/28/22,14:46:51,shemnon,pull_request_review.submit,hyperledger/besu-docs,,,,
6/28/22,14:46:18,shemnon,pull_request_review.submit,hyperledger/besu-docs,,,,
6/24/22,23:58:22,shemnon,pull_request_review.submit,hyperledger/besu,,,,
6/24/22,23:57:03,shemnon,pull_request_review.submit,hyperledger/besu,,,,
6/23/22,14:03:09,shemnon,pull_request.merge,hyperledger/besu,shemnon,,,
6/23/22,02:04:18,shemnon,pull_request.create,hyperledger/besu,shemnon,,,
6/22/22,16:32:56,shemnon,pull_request_review.dismiss,hyperledger/besu,,,,
6/22/22,16:32:29,shemnon,pull_request_review.submit,hyperledger/besu,,,,
6/22/22,14:48:34,shemnon,issue_comment.update,hyperledger/besu,,,,
6/22/22,04:58:50,shemnon,issue_comment.destroy,hyperledger/besu,,,,
6/22/22,04:58:43,shemnon,pull_request_review.submit,hyperledger/besu,,,,
6/17/22,20:51:15,shemnon,pull_request.merge,hyperledger/besu-native,shemnon,,,
6/17/22,20:30:52,shemnon,pull_request.create,hyperledger/besu-native,shemnon,,,
6/16/22,19:56:54,shemnon,pull_request_review.submit,hyperledger/besu,,,,
6/11/22,20:37:21,shemnon,pull_request.create,hyperledger/besu,shemnon,,,
5/6/22,19:17:10,shemnon,pull_request_review.submit,hyperledger/besu,,,,
5/6/22,14:19:53,shemnon,pull_request_review.submit,hyperledger/besu,,,,
5/6/22,13:48:53,shemnon,pull_request.close,hyperledger/besu,jmcpheron,,,
5/6/22,00:33:02,shemnon,pull_request_review.submit,hyperledger/besu,,,,
5/3/22,15:43:21,shemnon,pull_request_review.submit,hyperledger/besu,,,,
5/27/22,14:18:39,shemnon,pull_request_review.submit,hyperledger/besu,,,,
5/26/22,21:40:21,shemnon,pull_request_review.submit,hyperledger/besu,,,,
5/25/22,15:52:01,shemnon,pull_request_review.submit,hyperledger/besu,,,,
5/21/22,06:16:13,shemnon,pull_request_review.submit,hyperledger/besu,,,,
5/21/22,06:04:54,shemnon,pull_request_review.submit,hyperledger/besu,,,,
5/19/22,18:06:24,shemnon,pull_request_review.submit,hyperledger/besu,,,,
5/19/22,05:47:56,shemnon,pull_request_review.submit,hyperledger/besu,,,,
5/19/22,05:22:16,shemnon,issue_comment.update,hyperledger/besu,,,,
5/19/22,01:50:15,shemnon,pull_request.merge,hyperledger/besu,shemnon,,,
5/18/22,15:35:01,shemnon,pull_request_review.submit,hyperledger/besu,,,,
5/18/22,15:30:59,shemnon,pull_request_review.submit,hyperledger/besu,,,,
5/18/22,02:49:22,shemnon,pull_request_review.submit,hyperledger/besu,,,,
5/17/22,22:19:19,shemnon,pull_request.create,hyperledger/besu,shemnon,,,
5/17/22,17:50:04,shemnon,pull_request_review.submit,hyperledger/besu,,,,
5/17/22,17:49:43,shemnon,pull_request_review.submit,hyperledger/besu,,,,
5/17/22,13:58:41,shemnon,pull_request_review.submit,hyperledger/besu,,,,
5/17/22,02:48:45,shemnon,pull_request_review.submit,hyperledger/besu,,,,
5/14/22,07:28:20,shemnon,pull_request.create,hyperledger/besu,shemnon,,,
5/13/22,14:36:09,shemnon,pull_request_review.submit,hyperledger/besu,,,,
5/13/22,02:34:16,shemnon,pull_request_review.submit,hyperledger/besu,,,,
5/13/22,02:33:15,shemnon,pull_request.create,hyperledger/besu,shemnon,,,
5/12/22,13:45:14,shemnon,pull_request_review.submit,hyperledger/besu,,,,
4/6/22,15:35:52,shemnon,pull_request.merge,hyperledger/besu,shemnon,,,
4/5/22,02:53:29,shemnon,pull_request.create,hyperledger/besu,shemnon,,,
4/4/22,19:40:53,shemnon,pull_request.create,hyperledger/besu,shemnon,,,
4/4/22,13:55:32,shemnon,pull_request.merge,hyperledger/besu,shemnon,,,
4/3/22,05:25:27,shemnon,pull_request_review.submit,hyperledger/besu-native,,,,
4/28/22,00:02:49,shemnon,pull_request_review.submit,hyperledger/besu,,,,
4/27/22,15:48:58,shemnon,pull_request_review.submit,hyperledger/besu,,,,
4/26/22,14:18:40,shemnon,pull_request.merge,hyperledger/besu,shemnon,,,
4/25/22,17:38:16,shemnon,pull_request_review.submit,hyperledger/besu,,,,
4/22/22,01:57:40,shemnon,pull_request.merge,hyperledger/besu,shemnon,,,
4/21/22,23:24:15,shemnon,pull_request.create,hyperledger/besu,shemnon,,,
4/21/22,18:28:47,shemnon,pull_request_review.submit,hyperledger/besu,,,,
4/20/22,16:24:30,shemnon,pull_request.merge,hyperledger/besu-native,shemnon,,,
4/20/22,16:24:11,shemnon,pull_request.merge,hyperledger/besu-native,shemnon,,,
4/19/22,16:51:31,shemnon,pull_request.create,hyperledger/besu-native,shemnon,,,
4/19/22,16:42:12,shemnon,pull_request.create,hyperledger/besu-native,shemnon,,,
4/15/22,02:28:20,shemnon,pull_request_review.submit,hyperledger/besu,,,,
4/15/22,02:23:04,shemnon,pull_request_review_comment.delete,hyperledger/besu,,,,
4/15/22,02:23:04,shemnon,pull_request_review.delete,hyperledger/besu,,,,
4/15/22,02:22:58,shemnon,pull_request_review_comment.delete,hyperledger/besu,,,,
4/14/22,15:14:38,shemnon,repo.add_member,hyperledger/besu-native,atoulme,,,
4/12/22,17:25:01,shemnon,pull_request.create,hyperledger/besu,shemnon,,,
4/1/22,21:35:55,shemnon,pull_request_review.submit,hyperledger/besu,,,,
4/1/22,21:16:07,shemnon,pull_request_review.submit,hyperledger/besu,,,,
4/1/22,21:14:56,shemnon,pull_request_review.submit,hyperledger/besu,,,,
4/1/22,21:11:10,shemnon,pull_request_review.submit,hyperledger/besu,,,,
4/1/22,21:10:15,shemnon,pull_request_review.submit,hyperledger/besu,,,,
4/1/22,21:07:29,shemnon,pull_request_review.submit,hyperledger/besu,,,,
4/1/22,17:27:19,shemnon,pull_request_review.submit,hyperledger/besu-native,,,,
4/1/22,17:18:04,shemnon,pull_request_review.submit,hyperledger/besu-native,,,,
4/1/22,14:34:49,shemnon,pull_request.merge,hyperledger/besu,shemnon,,,
4/1/22,14:07:27,shemnon,pull_request.create,hyperledger/besu,shemnon,,,
3/9/22,22:31:40,shemnon,pull_request.merge,hyperledger/besu,shemnon,,,
3/9/22,17:07:42,shemnon,pull_request.create,hyperledger/besu,shemnon,,,
3/31/22,13:55:42,shemnon,pull_request_review.submit,hyperledger/besu,,,,
3/30/22,17:48:09,shemnon,pull_request_review.submit,hyperledger/besu,,,,
3/28/22,14:28:02,shemnon,pull_request_review.submit,hyperledger/besu,,,,
3/22/22,00:33:12,shemnon,pull_request.create,hyperledger/besu,shemnon,,,
3/16/22,22:11:58,shemnon,hook.create,hyperledger/homebrew-besu,,,,
3/1/22,00:51:45,shemnon,pull_request.merge,hyperledger/besu,shemnon,,,
2/28/22,17:02:30,shemnon,pull_request.create,hyperledger/besu,shemnon,,,
2/25/22,01:47:02,shemnon,repo.change_merge_setting,hyperledger/besu,,,,
2/25/22,01:47:02,shemnon,repo.change_merge_setting,hyperledger/besu,,,,
2/25/22,01:47:02,shemnon,repo.change_merge_setting,hyperledger/besu,,,,
2/25/22,01:46:58,shemnon,pull_request.merge,hyperledger/besu,shemnon,,,
2/25/22,01:46:45,shemnon,repo.change_merge_setting,hyperledger/besu,,,,
2/25/22,01:46:45,shemnon,repo.change_merge_setting,hyperledger/besu,,,,
2/25/22,01:46:45,shemnon,repo.change_merge_setting,hyperledger/besu,,,,
2/25/22,01:27:42,shemnon,repo.change_merge_setting,hyperledger/besu,,,,
2/25/22,01:27:42,shemnon,repo.change_merge_setting,hyperledger/besu,,,,
2/25/22,01:27:42,shemnon,repo.change_merge_setting,hyperledger/besu,,,,
2/25/22,01:27:18,shemnon,repo.change_merge_setting,hyperledger/besu,,,,
2/25/22,01:27:18,shemnon,repo.change_merge_setting,hyperledger/besu,,,,
2/25/22,01:27:18,shemnon,repo.change_merge_setting,hyperledger/besu,,,,
2/25/22,01:26:40,shemnon,repo.change_merge_setting,hyperledger/besu,,,,
2/25/22,01:26:40,shemnon,repo.change_merge_setting,hyperledger/besu,,,,
2/25/22,01:26:40,shemnon,repo.change_merge_setting,hyperledger/besu,,,,
2/25/22,01:26:32,shemnon,repo.change_merge_setting,hyperledger/besu,,,,
2/25/22,01:26:32,shemnon,repo.change_merge_setting,hyperledger/besu,,,,
2/25/22,01:26:32,shemnon,repo.change_merge_setting,hyperledger/besu,,,,
2/25/22,01:09:51,shemnon,protected_branch.update_name,hyperledger/besu,,,,
2/25/22,01:09:01,shemnon,protected_branch.update_name,hyperledger/besu,,,,
2/25/22,00:55:15,shemnon,pull_request.merge,hyperledger/homebrew-besu,shemnon,,,
2/25/22,00:44:52,shemnon,pull_request.create,hyperledger/besu,shemnon,,,
2/25/22,00:40:27,shemnon,pull_request.create,hyperledger/homebrew-besu,shemnon,,,
2/24/22,23:11:29,shemnon,pull_request.merge,hyperledger/besu,shemnon,,,
2/24/22,18:55:15,shemnon,pull_request.create,hyperledger/besu,shemnon,,,
2/22/22,21:16:49,shemnon,hook.events_changed,hyperledger/besu-docs,,,,
2/22/22,21:16:49,shemnon,hook.config_changed,hyperledger/besu-docs,,,,
2/22/22,18:58:50,shemnon,hook.events_changed,hyperledger/besu,,,,
2/22/22,18:58:50,shemnon,hook.config_changed,hyperledger/besu,,,,
2/21/22,18:36:00,shemnon,pull_request.merge,hyperledger/besu,shemnon,,,
2/21/22,15:42:34,shemnon,pull_request.create,hyperledger/besu,shemnon,,,
2/21/22,00:33:26,shemnon,hook.events_changed,hyperledger/besu,,,,
2/21/22,00:33:26,shemnon,hook.config_changed,hyperledger/besu,,,,
2/19/22,18:17:06,shemnon,hook.events_changed,hyperledger/besu,,,,
2/19/22,18:17:06,shemnon,hook.config_changed,hyperledger/besu,,,,
2/19/22,18:06:31,shemnon,hook.config_changed,hyperledger/besu,,,,
2/17/22,16:03:21,shemnon,pull_request.merge,hyperledger/besu,shemnon,,,
2/17/22,15:05:57,shemnon,pull_request.create,hyperledger/besu,shemnon,,,
2/17/22,02:43:59,shemnon,pull_request.merge,hyperledger/besu,macfarla,,,
2/16/22,18:29:53,shemnon,pull_request.merge,hyperledger/homebrew-besu,shemnon,,,
2/16/22,18:24:46,shemnon,pull_request.create,hyperledger/homebrew-besu,shemnon,,,
2/16/22,18:17:02,shemnon,pull_request.create,hyperledger/besu,shemnon,,,
2/16/22,05:33:08,shemnon,issue_comment.update,hyperledger/besu,,,,
2/14/22,04:02:19,shemnon,issue_comment.update,hyperledger/besu,,,,
2/13/22,23:49:39,shemnon,pull_request.merge,hyperledger/besu,shemnon,,,
2/11/22,20:59:31,shemnon,pull_request.create_review_request,hyperledger/besu,shemnon,,,
2/11/22,20:59:31,shemnon,pull_request.create_review_request,hyperledger/besu,shemnon,,,
2/11/22,06:49:38,shemnon,pull_request.create,hyperledger/besu,shemnon,,,
2/11/22,06:46:53,shemnon,pull_request.close,hyperledger/besu,shemnon,,,
2/11/22,06:40:24,shemnon,pull_request.close,hyperledger/besu,shemnon,,,
2/11/22,06:39:40,shemnon,pull_request.create,hyperledger/besu,shemnon,,,
2/11/22,06:36:11,shemnon,pull_request.create,hyperledger/besu,shemnon,,,
12/31/21,11:58:05,shemnon,pull_request.merge,hyperledger/besu,shemnon,,,
12/31/21,11:30:05,shemnon,pull_request.create,hyperledger/besu,shemnon,,,
12/24/21,23:02:09,shemnon,pull_request.merge,hyperledger/besu,shemnon,,,
12/22/21,21:42:15,shemnon,pull_request.create,hyperledger/besu,shemnon,,,
12/21/21,01:45:45,shemnon,pull_request.merge,hyperledger/besu,fredriksvantes,,,
12/20/21,22:08:42,shemnon,protected_branch.update_name,hyperledger/besu,,,,
12/20/21,22:08:30,shemnon,protected_branch.update_name,hyperledger/besu,,,,
12/20/21,22:08:14,shemnon,protected_branch.rejected_ref_update,hyperledger/besu,,,,
12/20/21,22:08:00,shemnon,protected_branch.update_name,hyperledger/besu,,,,
12/20/21,21:50:28,shemnon,pull_request.reopen,hyperledger/besu,fredriksvantes,,,
12/20/21,16:50:35,shemnon,issue_comment.update,hyperledger/besu,,,,
12/20/21,15:38:32,shemnon,pull_request.merge,hyperledger/besu,shemnon,,,
12/20/21,15:24:08,shemnon,issue_comment.update,hyperledger/besu,,,,
12/20/21,15:23:42,shemnon,issue_comment.update,hyperledger/besu,,,,
12/20/21,15:23:14,shemnon,issue_comment.update,hyperledger/besu,,,,
12/19/21,05:50:32,shemnon,pull_request.create,hyperledger/besu,shemnon,,,
12/19/21,05:50:03,shemnon,pull_request.create,hyperledger/besu,shemnon,,,
12/19/21,05:45:04,shemnon,pull_request.merge,hyperledger/besu,shemnon,,,
12/18/21,16:02:22,shemnon,pull_request.create,hyperledger/besu,shemnon,,,
12/15/21,17:32:52,shemnon,issue_comment.update,hyperledger/besu,,,,
12/14/21,17:27:35,shemnon,pull_request.merge,hyperledger/besu,shemnon,,,
12/14/21,02:25:24,shemnon,pull_request.create,hyperledger/besu,shemnon,,,
12/13/21,20:47:35,shemnon,repository_advisory.update,hyperledger/besu,,,,
12/10/21,20:42:55,shemnon,repository_advisory.publish,hyperledger/besu,,,,
12/10/21,20:16:38,shemnon,pull_request.merge,hyperledger/homebrew-besu,shemnon,,,
12/10/21,19:55:59,shemnon,pull_request.create,hyperledger/homebrew-besu,shemnon,,,
1/5/22,23:00:36,shemnon,hook.create,hyperledger/besu,,,,
1/31/22,21:28:16,shemnon,pull_request.merge,hyperledger/besu,shemnon,,,
1/31/22,20:41:00,shemnon,pull_request.create,hyperledger/besu,shemnon,,,
1/27/22,06:18:11,shemnon,pull_request.merge,hyperledger/besu,shemnon,,,
1/24/22,16:05:16,shemnon,issue_comment.update,hyperledger/besu,,,,
1/21/22,14:15:56,shemnon,issue_comment.update,hyperledger/besu,,,,
1/10/22,14:59:50,shemnon,hook.destroy,hyperledger/besu,,,,
