date,time,actor,action,repo,user,data.team,data.new_repo_permission,data.old_repo_permission
6/8/22,08:24:15,daniellehrner,pull_request_review.submit,hyperledger/besu,,,,
6/7/22,11:10:27,daniellehrner,pull_request.ready_for_review,hyperledger/besu,daniellehrner,,,
6/29/22,08:10:09,daniellehrner,pull_request.merge,hyperledger/besu,daniellehrner,,,
6/28/22,21:47:53,daniellehrner,pull_request_review.submit,hyperledger/besu,,,,
6/28/22,13:39:23,daniellehrner,pull_request.ready_for_review,hyperledger/besu,daniellehrner,,,
6/28/22,13:38:40,daniellehrner,pull_request.create,hyperledger/besu,daniellehrner,,,
6/28/22,09:30:16,daniellehrner,pull_request.merge,hyperledger/besu,daniellehrner,,,
6/28/22,09:09:29,daniellehrner,issue_comment.update,hyperledger/besu,,,,
6/28/22,09:08:26,daniellehrner,issue_comment.update,hyperledger/besu,,,,
6/28/22,09:06:41,daniellehrner,pull_request.create,hyperledger/besu,daniellehrner,,,
6/28/22,08:59:22,daniellehrner,pull_request.close,hyperledger/besu,daniellehrner,,,
6/28/22,08:24:08,daniellehrner,pull_request.create,hyperledger/besu,daniellehrner,,,
6/24/22,13:12:53,daniellehrner,pull_request.merge,hyperledger/besu,daniellehrner,,,
6/24/22,11:45:26,daniellehrner,pull_request.create,hyperledger/besu,daniellehrner,,,
6/21/22,12:10:12,daniellehrner,pull_request.create_review_request,hyperledger/besu,daniellehrner,,,
6/21/22,11:43:22,daniellehrner,pull_request.ready_for_review,hyperledger/besu,daniellehrner,,,
6/16/22,15:56:10,daniellehrner,pull_request.converted_to_draft,hyperledger/besu,daniellehrner,,,
6/16/22,14:09:20,daniellehrner,pull_request_review.submit,hyperledger/besu,,,,
6/16/22,13:47:12,daniellehrner,pull_request.create,hyperledger/besu,daniellehrner,,,
6/14/22,20:09:42,daniellehrner,pull_request.create_review_request,hyperledger/besu,daniellehrner,,,
6/14/22,20:08:23,daniellehrner,pull_request.ready_for_review,hyperledger/besu,daniellehrner,,,
6/13/22,09:27:38,daniellehrner,pull_request.create,hyperledger/besu,daniellehrner,,,
6/13/22,08:40:05,daniellehrner,pull_request.merge,hyperledger/besu,daniellehrner,,,
6/10/22,09:41:12,daniellehrner,pull_request.create_review_request,hyperledger/besu,daniellehrner,,,
6/10/22,09:41:07,daniellehrner,pull_request_review.submit,hyperledger/besu,,,,
6/10/22,09:40:36,daniellehrner,pull_request_review.submit,hyperledger/besu,,,,
5/26/22,17:03:10,daniellehrner,pull_request_review.submit,hyperledger/besu,,,,
5/25/22,08:55:42,daniellehrner,pull_request_review.submit,hyperledger/besu,,,,
5/19/22,16:34:51,daniellehrner,pull_request.merge,hyperledger/besu,daniellehrner,,,
5/19/22,04:34:58,daniellehrner,pull_request.close,hyperledger/besu,daniellehrner,,,
5/18/22,14:23:48,daniellehrner,pull_request.merge,hyperledger/besu,daniellehrner,,,
5/18/22,14:18:22,daniellehrner,pull_request.create_review_request,hyperledger/besu,daniellehrner,,,
5/18/22,14:02:47,daniellehrner,pull_request.create,hyperledger/besu,daniellehrner,,,
5/18/22,13:16:13,daniellehrner,pull_request_review.submit,hyperledger/besu,,,,
5/18/22,12:59:00,daniellehrner,pull_request_review.submit,hyperledger/besu,,,,
5/18/22,12:56:05,daniellehrner,pull_request_review.submit,hyperledger/besu,,,,
5/18/22,12:55:18,daniellehrner,pull_request_review.submit,hyperledger/besu,,,,
5/18/22,12:54:44,daniellehrner,pull_request_review_comment.delete,hyperledger/besu,,,,
5/18/22,12:54:44,daniellehrner,pull_request_review.delete,hyperledger/besu,,,,
5/18/22,12:54:31,daniellehrner,pull_request_review.submit,hyperledger/besu,,,,
5/18/22,12:44:07,daniellehrner,pull_request.close,hyperledger/besu,daniellehrner,,,
5/18/22,12:43:52,daniellehrner,pull_request.close,hyperledger/besu,daniellehrner,,,
5/18/22,12:37:09,daniellehrner,pull_request_review.submit,hyperledger/besu,,,,
5/18/22,12:34:13,daniellehrner,pull_request_review.submit,hyperledger/besu,,,,
5/18/22,12:33:26,daniellehrner,pull_request_review.submit,hyperledger/besu,,,,
5/18/22,12:33:15,daniellehrner,pull_request_review.submit,hyperledger/besu,,,,
5/18/22,12:32:29,daniellehrner,pull_request.create_review_request,hyperledger/besu,daniellehrner,,,
5/17/22,18:34:39,daniellehrner,pull_request_review.submit,hyperledger/besu,,,,
5/16/22,20:05:18,daniellehrner,pull_request.merge,hyperledger/besu,fab-10,,,
5/15/22,22:19:54,daniellehrner,pull_request.create,hyperledger/besu,daniellehrner,,,
5/15/22,21:55:41,daniellehrner,pull_request.ready_for_review,hyperledger/besu,daniellehrner,,,
5/15/22,21:55:33,daniellehrner,pull_request.create_review_request,hyperledger/besu,daniellehrner,,,
5/15/22,21:55:32,daniellehrner,pull_request.create_review_request,hyperledger/besu,daniellehrner,,,
5/12/22,11:43:19,daniellehrner,pull_request.create,hyperledger/besu,daniellehrner,,,
5/10/22,07:30:56,daniellehrner,pull_request_review.submit,hyperledger/besu,,,,
4/4/22,14:45:31,daniellehrner,pull_request.merge,hyperledger/besu,daniellehrner,,,
4/28/22,09:57:31,daniellehrner,pull_request_review.submit,hyperledger/besu,,,,
4/28/22,09:34:41,daniellehrner,pull_request_review.submit,hyperledger/besu,,,,
4/28/22,08:57:59,daniellehrner,pull_request_review.submit,hyperledger/besu,,,,
4/24/22,08:39:38,daniellehrner,pull_request.ready_for_review,hyperledger/besu,daniellehrner,,,
4/21/22,06:59:55,daniellehrner,pull_request.create,hyperledger/besu,daniellehrner,,,
4/2/22,07:52:19,daniellehrner,pull_request.create_review_request,hyperledger/besu,daniellehrner,,,
4/2/22,07:52:09,daniellehrner,pull_request.ready_for_review,hyperledger/besu,daniellehrner,,,
4/16/22,14:52:30,daniellehrner,pull_request_review.submit,hyperledger/besu,,,,
3/7/22,15:41:35,daniellehrner,pull_request.create_review_request,hyperledger/besu,daniellehrner,,,
3/7/22,15:41:31,daniellehrner,pull_request.create,hyperledger/besu,daniellehrner,,,
3/31/22,14:53:05,daniellehrner,pull_request.converted_to_draft,hyperledger/besu,daniellehrner,,,
3/31/22,14:51:14,daniellehrner,pull_request.create,hyperledger/besu,daniellehrner,,,
3/31/22,08:53:48,daniellehrner,pull_request_review.submit,hyperledger/besu,,,,
3/25/22,22:48:05,daniellehrner,pull_request.converted_to_draft,hyperledger/besu,daniellehrner,,,
3/25/22,22:37:37,daniellehrner,pull_request.create,hyperledger/besu,daniellehrner,,,
3/11/22,16:42:02,daniellehrner,pull_request.merge,hyperledger/besu,daniellehrner,,,
3/11/22,15:45:25,daniellehrner,pull_request.create_review_request,hyperledger/besu,daniellehrner,,,
3/11/22,15:45:19,daniellehrner,pull_request.create,hyperledger/besu,daniellehrner,,,
3/11/22,15:02:14,daniellehrner,pull_request_review_comment.delete,hyperledger/besu,,,,
2/8/22,15:11:51,daniellehrner,pull_request.create,hyperledger/besu,daniellehrner,,,
2/25/22,10:41:08,daniellehrner,pull_request.merge,hyperledger/besu,daniellehrner,,,
2/24/22,14:44:30,daniellehrner,pull_request.converted_to_draft,hyperledger/besu,daniellehrner,,,
2/24/22,14:04:35,daniellehrner,pull_request.create,hyperledger/besu,daniellehrner,,,
2/23/22,15:19:37,daniellehrner,pull_request.create,hyperledger/besu,daniellehrner,,,
2/23/22,14:53:13,daniellehrner,pull_request.ready_for_review,hyperledger/besu,daniellehrner,,,
2/23/22,10:16:48,daniellehrner,pull_request.merge,hyperledger/besu,daniellehrner,,,
2/21/22,20:11:47,daniellehrner,pull_request.create,hyperledger/besu,daniellehrner,,,
2/2/22,14:04:58,daniellehrner,pull_request.ready_for_review,hyperledger/besu,daniellehrner,,,
2/18/22,15:46:50,daniellehrner,pull_request.create_review_request,hyperledger/besu,fab-10,,,
2/18/22,14:25:58,daniellehrner,pull_request.create_review_request,hyperledger/besu,fab-10,,,
2/18/22,14:18:02,daniellehrner,pull_request.create_review_request,hyperledger/besu,daniellehrner,,,
2/18/22,13:43:59,daniellehrner,pull_request.ready_for_review,hyperledger/besu,daniellehrner,,,
2/17/22,11:34:29,daniellehrner,pull_request.merge,hyperledger/besu,fab-10,,,
2/15/22,19:39:05,daniellehrner,pull_request.merge,hyperledger/besu,daniellehrner,,,
2/15/22,15:05:49,daniellehrner,pull_request.create,hyperledger/besu,daniellehrner,,,
2/14/22,14:34:24,daniellehrner,pull_request.merge,hyperledger/besu,daniellehrner,,,
2/14/22,09:41:44,daniellehrner,pull_request.create_review_request,hyperledger/besu,daniellehrner,,,
2/14/22,09:41:40,daniellehrner,pull_request.create_review_request,hyperledger/besu,daniellehrner,,,
2/14/22,09:41:39,daniellehrner,pull_request.create_review_request,hyperledger/besu,daniellehrner,,,
12/3/21,22:10:15,daniellehrner,pull_request.create_review_request,hyperledger/besu,daniellehrner,,,
12/3/21,22:10:02,daniellehrner,pull_request.create,hyperledger/besu,daniellehrner,,,
12/16/21,21:25:14,daniellehrner,pull_request.create_review_request,hyperledger/besu,daniellehrner,,,
12/16/21,21:25:14,daniellehrner,pull_request.create,hyperledger/besu,daniellehrner,,,
12/13/21,15:15:58,daniellehrner,pull_request.create,hyperledger/besu,daniellehrner,,,
1/26/22,22:00:49,daniellehrner,pull_request.create,hyperledger/besu-native,daniellehrner,,,
1/26/22,21:56:45,daniellehrner,protected_branch.rejected_ref_update,hyperledger/besu-native,,,,
1/26/22,12:12:09,daniellehrner,pull_request.merge,hyperledger/besu-native,freemanzMrojo,,,
